EB001156   -50.065    107.267    -10.186
EA000399    57.237    142.467    -11.668
EB001162   138.888     62.753    -14.109
EA000402   137.361    -53.274    -17.727
EB001148    54.399   -130.255    -13.657
EA000384   -54.400   -130.013    -12.094
EB000819  -144.470    -52.930    -12.430
EA000400  -138.785     62.195     -8.491
EB000339  -113.425    282.267    -13.737
EB001163   115.165    280.740    -17.153
EB000803   275.149    120.964    -17.596
EB001152   253.695   -103.334    -20.336
EB000338   129.241   -315.797    -18.524
EB001159  -116.332   -273.072    -12.176
EB000808  -279.861   -108.026     -7.524
EB000795  -276.855    121.216     -8.219
EA000391  -170.250    421.225     -9.664
EA000396   172.570    420.591    -19.390
EA000393   445.593    126.993    -17.978
EA000388   413.835   -168.372    -22.383
EA000397   170.765   -417.134    -17.224
EA000383  -177.109   -409.007    -11.053
EA000394  -416.625   -167.310     -4.627
EA000392  -415.184    178.957     -7.418
EB000826  -226.797    560.219    -10.750
EB001151   233.149    557.959    -19.587
EB001158   552.263    234.356    -25.001
EB001146   552.474   -227.969    -25.631
EB000818   226.531   -551.414    -18.817
EB000811  -228.014   -548.367    -10.222
EB001147  -557.568   -225.409     -2.261
EB000800  -553.746    236.981     -0.272
EA000385   282.205   -690.103    -19.522
EA000386   669.650    282.409    -27.454
EA000387  -693.962   -281.782     -0.575
EA000389   289.983    696.354    -20.239
EA000390  -292.858   -686.422     -8.284
EA000395  -692.494    296.484      0.007
EA000398  -261.855    635.306     -8.852
EA000401   690.900   -286.180    -26.520
